0.009830336361465897
0.010822322608524278
0.015130478431109732
0.010849542678484597
0.01554693612556284
0.005856687697231391
0.003268848253143732
0.0023786176400828678
0.002530543952165745
0.005955340772539733
0.005337603744428926
0.013876411801867059
0.017163395530990538
0.009076756786493449
0.006473352797966771
0.0018016362110529057
0.000936973863736122
0.0005549724418032401
0.005980913350855445
0.0045621534574142985
0.008463238783228274
0.015242986881284613
0.0164590344916754
0.009436240941652466
0.004538108490325253
0.0011052050779488283
0.0008002174072086881
0.007821074333174973
0.01975295044485886
0.020319781967373007
0.0149459170484339
0.04398153135519595
0.016068329531044395
0.005461280076641308
0.0037000398784989784
0.005642692074729833
0.003636357286524606
0.006566689146594216
0.009124200734993305
0.01148041111020396
0.02770382451019404
0.02897011209204505
0.009224779128892776
0.0037847479356844078
0.0021692846885133735
0.0048672749583430295
0.006350010287732485
0.013586009698451742
0.015430568820204668
0.0162931442291212
0.01853466725163869
0.011538432323534012
0.004898924409925465
0.002904210302173297
0.012971762071335482
0.016355234037152697
0.01856735775365575
0.01892570375075755
0.04348229967022513
0.019416524142234413
0.014111014668044191
0.013335421429089953
0.013185200484563103
0.013056895718402805
0.016037738018381573
0.01571614958816569
0.016521506012162335
0.033774860419643095
0.02000261001237961
0.011987096723297381
0.006872944858828796
0.006699168118656267
0.018436940853588674
0.018638605806439897
0.017057922296763273
0.013707402003530997
0.013225853785078777
0.014098060976660014
0.020234586389120415
0.020581744076394105
0.01426321386920056
0.005696287814359818
0.005009087810257716
0.013445269814735155
0.016407083777378925
0.00858320085201882
0.006458713984209359
0.0018187701451301084
0.000874816674680584
0.0005851595579700675
0.0053951048075532495
0.004009315430796292
0.0076991084172792846
0.014257712325810813
0.015102319971900714
0.008796019712426004
0.004161118944659851
0.0010417578485311042
0.0007053370211076031
0.011137560133180735
0.005724501104302869
0.008228624453415417
0.01133836206911354
0.020816926157636917
0.021886158187990206
0.008622556830269855
0.002770600296239766
0.001369985021585702
0.003664808306132585
0.006430243222722626
0.008600857523695368
0.01105288760187129
0.027371652364236332
0.0282005552817061
0.008865774508437313
0.003723235094508202
0.002205642399938186
0.004341346474233637
0.005817652475469718
0.01191313657592463
0.013761194902693749
0.015114348726675627
0.01797297030116211
0.01120743135282836
0.004380839635168833
0.002587376089395414
0.006082086878498989
0.006430146265495215
0.01208447355094518
0.038140310322995245
0.044819948465007864
0.022693083784139978
0.00993173978536916
0.005287984118694995
0.003576442066649074
0.012056074757176825
0.01543410080204307
0.015027573044538493
0.016362021238225815
0.0334614628893174
0.019932213242754224
0.012072497821719392
0.006796013015503841
0.00641850754720863
0.01740805721690577
0.0174090680838242
0.01614739587910555
0.012993418725151206
0.01290569903793488
0.01410087162894077
0.01919075494509932
0.018785493768120002
0.013008855544425007
0.011392604130614223
0.010632825328148438
0.016855840565815936
0.024076456732283348
0.02864274069968919
0.024043147797577102
0.025056703592002127
0.017212789159241477
0.014377108886864422
0.004411131596761674
0.003250703890958864
0.006266242918659062
0.012032513279439074
0.012711769610748004
0.00776763033614873
0.003630431211633708
0.000878250553594488
0.0005709889891307253
0.008691444501318094
0.004381514726531163
0.0062865309382782895
0.008924779758541963
0.01674521728923949
0.018538347784305
0.007420294437713764
0.0024315248301172805
0.0010832361063666956
0.008158836478440542
0.0015932309321278332
0.003656457332583343
0.006958694081099983
0.024171229521073933
0.0188293941348993
0.02027254641207324
0.008458401933213417
0.0033008815341584335
0.0034290091622680295
0.004648637436035391
0.009636940586941908
0.011250097395521299
0.012873431668902565
0.015984537423928316
0.010073447298847314
0.003583479016494043
0.002083136317080433
0.004763730677289371
0.00523834111203063
0.009517178312829918
0.02937993435269741
0.03491125604255615
0.01943854530515263
0.008705785252677104
0.004316122533618179
0.0028118332735523896
0.004456229802449993
0.005042218778098275
0.007152345089850222
0.01707009007755555
0.051783525270260866
0.029650311070975884
0.02149145338652789
0.00892186166935064
0.005506247029724815
0.013907975301235179
0.014242649129588959
0.013230992875748398
0.010602944487451868
0.011146737284189039
0.012509577765483268
0.016172339583308444
0.014906061617545216
0.010152133226962725
0.009461496151066864
0.008752327602009448
0.013649037351323412
0.019393950905094992
0.023485760027539014
0.01939654363727555
0.019981196276900277
0.014032517659938409
0.011714502630914468
0.009263076161479868
0.011795208643397176
0.01935542577120957
0.023324235125699658
0.04497507510943714
0.0305339763261635
0.021140023071787327
0.008957576903036063
0.008774646199378136
0.006935590192603953
0.017249541421963426
0.01757789613442922
0.01286907975345388
0.035979372617389566
0.012869775130950558
0.004701504476123145
0.003142473561236829
0.004682327405429636
0.0032721484305951987
0.005483688705656648
0.007420621462833783
0.009892433819397698
0.0243686325425093
0.025366959974379474
0.008144314006147131
0.00342634974201058
0.001985725463915675
0.004203414805386627
0.005270189900540415
0.01108720533226114
0.012644541940916363
0.014251995659178335
0.017080187154549988
0.01051943039559095
0.004230219562909117
0.0024775211470822347
0.011346767207600292
0.01325874779176454
0.01506680499195967
0.015332709956344913
0.03534571149522948
0.016152922058264487
0.012068442644373978
0.01087085319097029
0.010958205418869358
0.010719120428793924
0.012852900635225826
0.012727118527888631
0.014001028015174046
0.028737073769689012
0.016859054269861666
0.01049564212088071
0.005942342871241257
0.005698833937623871
0.015820610829321582
0.016233281151611254
0.014603591248142523
0.011697956375113169
0.011535321591305207
0.01177432022370954
0.0163139785887215
0.016463995849746928
0.011739899789113379
0.011631203986030876
0.007859025868460419
0.011044074464895394
0.00936604366770766
0.019049177594888164
0.008435466817066022
0.006627249808977216
0.006947324052675652
0.00908751401392102
0.012342624990931937
0.014733793621839616
0.017162964913836825
0.017704507647023714
0.016374781582649097
0.007554163027584639
0.005067732236368913
0.004953410486814104
0.004978416462844292
0.025932396984301727
0.014074669737893349
0.007966147147347327
0.008627442337224848
0.009167287923075359
0.018848351115389936
0.02225743282002815
0.01705402047277597
0.013402334129360094
0.003264500081499873
0.005327433692678442
0.007027883204174104
0.009141916076379947
0.022366423596164572
0.02289841488996297
0.0072678694396498674
0.003231756819024268
0.0019743102568902313
0.0035722329915208557
0.004728241312855405
0.009948998934854455
0.011474202794075525
0.012820898651084555
0.015549538256440258
0.009577038882417689
0.003643030267418414
0.0021340018655911946
0.005147205323314908
0.005415651136476736
0.009989889908800325
0.030671421925479177
0.03595428890236869
0.01908738167135642
0.00864708073924833
0.004465610424759257
0.003052432652693102
0.009734806587535375
0.012042589769797565
0.011751180520575768
0.013112093614427434
0.027065319354580526
0.016201721472079128
0.010208737227981523
0.005667962831420332
0.005318236848011458
0.01417788338577223
0.01444217090897925
0.013231592999609703
0.010693795658660942
0.010878284680668683
0.011516615781835226
0.015430846187616098
0.015069142963358326
0.010482045712529068
0.01001963252006851
0.009142699324131634
0.013739987004992398
0.019248897921046622
0.022875415584958682
0.019352987097867702
0.020032449624463326
0.014141086336307476
0.012205223952233252
0.011134602772327166
0.013743046446854689
0.0161535464675548
0.017020502612273773
0.016476040559620576
0.0075650106433197105
0.004865483075207661
0.004592025419262999
0.004748962105145404
0.023620970546627724
0.013499114337312731
0.007596095355974973
0.008160692299783449
0.008560243867614495
0.01720495230793977
0.02036203104800652
0.015621038679630215
0.01213815220446586
0.011954597435075322
0.006459077377474284
0.006443556187929633
0.007581675037703653
0.014010250942490067
0.02222188034287988
0.0295354438103172
0.0186298739368989
0.013938012129528313
0.0030638402202361574
0.004097628297026173
0.008736878780815424
0.010050096424402981
0.011035995016982039
0.013423276132973422
0.008442886885040999
0.0032081024876819122
0.0018683256449058324
0.004279239932859292
0.004761471425468471
0.008561338021012522
0.02614802862646043
0.030622130860511142
0.016452636997306716
0.007444078618571906
0.0038140122696934645
0.0025313166733517776
0.004149716155129245
0.004572816122785602
0.006367826226940904
0.014822438158580344
0.044559127868331744
0.0253049861118533
0.017878455604544347
0.007957611790410051
0.005247561582996492
0.012187089150467355
0.012299022211648077
0.011535666665598266
0.009102452225368256
0.009420840426881768
0.01020554290906502
0.013782569973035556
0.013082944889473105
0.008882155226071895
0.008390769022969077
0.00766232203193669
0.011633887792388489
0.01641950259936718
0.01966221503260165
0.01656426935794237
0.01742073161772146
0.012253387399353013
0.010252832595658706
0.00827716319138612
0.010630586818225679
0.0170530171466274
0.02016177938934098
0.03704581683859397
0.025409575954654897
0.01803058677317853
0.00791667980970162
0.007828079136634466
0.019871597564762658
0.011576209353746848
0.0067638078150239235
0.007330279783516929
0.0076654652447011905
0.015413460066048773
0.017540635003666847
0.013405854188107712
0.010366188630270513
0.010464502399209909
0.005688546106210971
0.005482862452598182
0.006512795310824934
0.01171082427080984
0.0184122172521625
0.024787540619829147
0.01600244823960568
0.01215216959733551
0.009223646252344632
0.007180951599826153
0.008760400118814207
0.012966744815309135
0.02066734589035369
0.013047774810481515
0.014680622117953271
0.00994608838761489
0.009865659845933841
0.012275401115580052
0.01321262625626629
0.014878832384243847
0.014631014838046194
0.03385553640126627
0.015725733050220046
0.012271660318894415
0.010625016454556269
0.01101585815222397
0.01030791133938914
0.012277778496956873
0.01225053764271157
0.014491244756417124
0.029657729925149676
0.01673363949377091
0.010933859588495584
0.005958109687167302
0.005570283465839286
0.016275662973328414
0.016823954688300457
0.014608728048762612
0.011909711454875623
0.012277392741423695
0.012274243699218612
0.01587887432678835
0.0153567468562823
0.011389001994225852
0.011413254507944262
0.007554715459319965
0.010038511057637218
0.008577581109376963
0.017884908434629174
0.007968392126903794
0.006431757246283305
0.0066623348526768785
0.008733644908024613
0.011202204558222828
0.013619972199174052
0.01578264013873398
0.016523004022177535
0.015668620036283137
0.007426915850655938
0.004992216709616862
0.004838990826041342
0.004534347803374138
0.024615359414526628
0.013806656028589385
0.008183762849267901
0.009493610296664075
0.009528430645313255
0.018799762141988377
0.02032677036778785
0.015754351204026875
0.012646544284962967
0.012078264100483347
0.006041801854687274
0.0048082416891441155
0.0036600943532184476
0.009185528391762949
0.0027217649305882746
0.005328716357922614
0.00786452225074305
0.009455330962061904
0.01061270520316632
0.011485798622020245
0.01186893032806736
0.013041561754591657
0.012798436690837826
0.00856472856442043
0.008239776583252454
0.0075563042321076974
0.007231494905910147
0.009603714719778535
0.011118265240696033
0.01345858256829305
0.014524957839274242
0.02435158348657528
0.03285992282270096
0.021840782231043042
0.01371310772646435
0.009508667061705504
0.008935160523477073
0.01094256601584242
0.010603127933068225
0.01237090278793119
0.025238727232555627
0.014627203482972513
0.009599055323401754
0.005236857375773064
0.00491790692074386
0.013137705060607281
0.013579448044212305
0.012404009279592306
0.010171458575024425
0.010695278713860197
0.010979766168810001
0.01418898494720868
0.013476293889747385
0.009515409442255875
0.010301225116214452
0.008908145866810213
0.012374831669290251
0.016882723335747807
0.02060030005074515
0.018150168054835356
0.018670807269774086
0.013354483952555727
0.01202588933356819
0.00994899308180592
0.012155287327889128
0.01410037147900197
0.01511264322301261
0.014737827869687312
0.007052870275863205
0.004561112204064038
0.004256424817510629
0.004192479181882728
0.020640509286185268
0.011845047335303142
0.007018378661293693
0.007999653509393068
0.008253821024253009
0.016499853263344088
0.018275936025619034
0.01415412277877028
0.010923901364357886
0.011478394873946347
0.006172796915805648
0.005996683308560382
0.006879190085502191
0.012770689132613162
0.02029886624813567
0.026401262143582967
0.017147180263900177
0.012916206020262576
0.009487702254105435
0.010103369473820874
0.010517914833504073
0.011591484627354834
0.01179135864654423
0.007961087677199325
0.007412933238432778
0.0066632471994440695
0.006472339262331747
0.008342600185302538
0.009887676468722748
0.011895947059401519
0.01264301591448286
0.021564793389655498
0.028656039942812392
0.01880400054933322
0.011919213276631464
0.008271057212130221
0.012115502736500024
0.009439315113591168
0.011828724911181324
0.008351438287162045
0.01220749327665846
0.018826453211707898
0.01974205659266195
0.016237845521515686
0.0135863943358185
0.012209094032902301
0.012271314755231737
0.01169277393450778
0.009128292111434531
0.00935983134820713
0.009869958587773925
0.013760858274831806
0.013347352521193498
0.008994646041907186
0.008677326492919062
0.007763760540163472
0.011372385305893684
0.01617278800823534
0.01938282159005467
0.01672593486547984
0.01763219717193765
0.012371504551896204
0.0103918233079758
0.00836031378834789
0.0108057798989249
0.017255916371276603
0.019988382207728698
0.035663286830029645
0.024691428703725316
0.018062224639795753
0.008209702374162582
0.008113133168509621
0.01916724539178664
0.010931616202756162
0.006582578896032425
0.007172815787863662
0.007816378480383326
0.016215124587529845
0.017971929441926292
0.01359105887003327
0.010323294539021413
0.010198731372102088
0.005348456166902471
0.005241189689794694
0.006337388316400615
0.011391536077701112
0.018156268863801592
0.024111534713659205
0.01565046056315368
0.011849506407417545
0.009124002650429567
0.007077593691403391
0.008592978518167552
0.012283592500506008
0.019340114447563672
0.01241075105327829
0.014042725287652926
0.009936243855443217
0.009939005723573917
0.007790004473267877
0.009356350523363725
0.01135847982451164
0.012024158067184076
0.020870400207542664
0.027989939442712525
0.018374253740471153
0.011538531239892015
0.007842225533581625
0.011002183568119758
0.008555206679278027
0.010432873631505222
0.007343918312593979
0.011015041731062512
0.01695485042636087
0.01790605816115335
0.014992836125964073
0.012282660049597563
0.010318385902278945
0.006710176772795967
0.006015011116832172
0.004050582226707844
0.010212982821977695
0.0074476775183478445
0.008784104171855756
0.008499957721975997
0.007252143720470017
0.013067445111235827
0.008730728162302095
0.011283069040235733
0.00961049968937342
0.020467437675853583
0.009242809097813238
0.007655496149349093
0.007776776349107847
0.009943827387841272
0.012223478157387236
0.015050414942209803
0.017350588905464166
0.018786289426533542
0.018092857761279457
0.008741656065115967
0.005850282309865735
0.005659842970669331
0.005078926807249224
0.028433450559383937
0.0160479452595897
0.009851484620537929
0.011747679544039482
0.010831613069813137
0.02081228803307975
0.021988764905029448
0.017372660576118738
0.014177677366124795
0.013656354080821678
0.00687303951112859
0.005260851114586544
0.003966898565513901
0.010216314564509962
0.0030646894635092702
0.005864766115374059
0.008567906558316516
0.010469384105226388
0.011811762847448642
0.012602345685277776
0.01297054675035836
0.014218999081093302
0.013796294980036077
0.00922805828350459
0.009349390848313916
0.008721602394118025
0.00806167412283352
0.011199832812932414
0.01303924080266665
0.015331441786064366
0.016521558799480102
0.026876579584477103
0.03609088556246366
0.024297767555486252
0.015661071416574884
0.010966623960258898
0.01724188536437347
0.008731028916893839
0.007041869100845624
0.0052633966013872395
0.011059779552309698
0.0047345720465991935
0.010780068931343428
0.014106157981906038
0.01277918737088153
0.008352681060409524
0.008100321546656193
0.012686752036470336
0.015233763657005525
0.015101738157349815
0.009838103433460633
0.006636227139127573
0.005166475578867782
0.004479297575182908
0.0071410545894330995
0.00714702714616555
0.013024427633630816
0.021850855511919433
0.022486119606722473
0.026736206734373776
0.01763399719937766
0.007064088625818646
0.0050209697997670765
0.010479122559518397
0.012854556460774887
0.01479032003371597
0.016094007980651227
0.015640944353960875
0.007675599774352935
0.0050013666850847825
0.0046907143164933345
0.004479063494674538
0.02182227905989532
0.01255186516209049
0.007651276150188113
0.009029585090742103
0.008831302502065829
0.01758499708347667
0.019288551987810678
0.015222398932551433
0.011568679005433614
0.012760572942973784
0.006853708742230063
0.006459266273439972
0.007343548274988785
0.013615049628156198
0.021810088047485694
0.02837392620133618
0.018507338473097983
0.013999440950472512
0.010027808464549379
0.010435934255612222
0.010906318142182396
0.011990975411575263
0.012047627084892579
0.00818456702419345
0.007842326547302561
0.007232257029510669
0.006818554253293712
0.008844189342238806
0.010387692058825311
0.012532855847606945
0.013267896887351598
0.022470512384568958
0.029984990176900535
0.019870880790496565
0.012736678422724681
0.008790372897875357
0.013316719263178574
0.0103291368621204
0.01313760507555592
0.009220489844372542
0.013279452947170062
0.020140755204405
0.020938930100906288
0.017388675760158366
0.014882404595405904
0.007135645581423176
0.006547404447697556
0.010233193725171116
0.012323328344209834
0.012450114024979484
0.008307318588545266
0.005671764920887483
0.004584792771765021
0.004122459379031592
0.005702737813875117
0.00589329391632604
0.010750947517344121
0.016612373439183606
0.01812763194716957
0.02183296692404189
0.01419808950230681
0.005798143871091084
0.00423113054886256
0.007551288613870609
0.006962289885872402
0.011056206916655367
0.015199382932816615
0.02190439466818428
0.02469404940664165
0.01784244284967564
0.009542888293714318
0.00873748011025856
0.02112451751486644
0.011935205815431145
0.007243350360085656
0.007697697098618743
0.008598073086848462
0.018039015714176928
0.020336956481218818
0.01518097546925671
0.011383152916408382
0.011174881707830427
0.005775291026077663
0.005599605727023259
0.006996797904921984
0.012420028153930509
0.020099701138669553
0.026949854508068163
0.01713481174563208
0.012981253874478304
0.010057744712690175
0.007862114867983005
0.009633636559387974
0.013512750895538028
0.020857667949451836
0.013581763685962738
0.01566842277139057
0.011046119268519526
0.011072918148297157
0.00857416552468234
0.010118676883394342
0.012461193017491148
0.013189125052239476
0.02318128910599159
0.03154071279174324
0.020825241372482782
0.013035756526274419
0.008787998780631596
0.012196219076593287
0.009485473738044665
0.011619692851645337
0.008043452004394545
0.01210756741967033
0.01857124979117447
0.019563444373632215
0.01649415061234032
0.013641933240652365
0.01135512230630922
0.007123344642363228
0.006553005746182377
0.004407214173350359
0.01087299719118704
0.008064283673309885
0.009335441125699583
0.009214010094860257
0.008001868560183305
0.005475739956105068
0.006051311998545579
0.010827583017344544
0.015918126258847858
0.017950237432124743
0.022508860162835008
0.014199250380835532
0.005593100730828321
0.004188147350340567
0.0066104551382309374
0.006454947642615307
0.009859204062362034
0.013989859068155062
0.021202060099453857
0.023868296616994154
0.01680301181714537
0.009170685751417978
0.008058570207092405
0.015374802153995169
0.009577255780544183
0.0057845112088915724
0.005340157233378906
0.012686173666238263
0.007568653943855281
0.01004491860460915
0.01144583278366662
0.011119249424137882
0.014333601159358058
0.007403459834175639
0.005683472705985316
0.004332719841784905
0.010843117892521242
0.0034219821156898076
0.006020523552698874
0.008910770353411798
0.011046554872458774
0.012205696745407233
0.013229999560351473
0.013646967922830782
0.014883894405697404
0.01450600798360407
0.009676367284949097
0.01005749394700663
0.00936456548509675
0.008612591598028603
0.012110397885499464
0.013854944373629602
0.016074499013096193
0.017365473433613245
0.028098061596949206
0.03777572165858349
0.026132518857303375
0.016418795813427412
0.01160928187291214
0.017279447355007766
0.00908595402922536
0.007518017030010544
0.005548191067663609
0.0116436890613459
0.004974720140753564
0.010210969135666062
0.01345430218081456
0.012580105146398773
0.008688943235917321
0.008563529173622733
0.013569362182100359
0.015751356994900132
0.0157416603902936
0.010342192183388006
0.007060927464881276
0.0053465915084266
0.004542651216325574
0.007752169625305191
0.00764293941690645
0.013832141529834687
0.023435315253060966
0.02396981737579775
0.02812430382919431
0.01886690395180753
0.007668517556537713
0.005403281983276433
0.03759373274594738
0.008797048659233057
0.007601797677056193
0.006269226327378534
0.014687344543611964
0.006829571589858336
0.013582063318728337
0.01627428197566746
0.019273077567821047
0.012818186888157234
0.005545871595437654
0.009870314591619318
0.013899288523559632
0.01269392464095749
0.012819133138475646
0.006669816778523548
0.0059332391866858784
0.0050054483504299585
0.008468752550699432
0.0037332882063157136
0.008935213733750018
0.01709420227672512
0.026253189047750595
0.02443856301237219
0.011951914240358658
0.004180056707048978
0.0025638902607784428
0.010895302470624901
0.01123868400154934
0.011769463450103579
0.012967942661207819
0.012996243270996381
0.008837326792051976
0.008611423858524763
0.008199543275970913
0.007502833924389131
0.009704004592814033
0.01132357731978158
0.013612699281504907
0.014589223799918442
0.02431866499248404
0.03256385342325748
0.022167513666158465
0.013842374708161562
0.009512758882663468
0.015135219562917695
0.011650278417389328
0.014572468045228737
0.010208581509745258
0.014530747066992885
0.02176919420198475
0.022871135215024086
0.019406229242575793
0.01681262711339942
0.007833609330093385
0.007113026835967191
0.011507181172458653
0.013716492225026517
0.014032519660984167
0.009363412688716674
0.00630539946967604
0.004798626969281037
0.004364126051046251
0.00630444824439171
0.006422767785749862
0.011688533430510925
0.01847139819001239
0.02018319513266946
0.024162170699931797
0.015624859700474567
0.006465846484456145
0.0046102383056750365
0.008527768197426906
0.007479751366499551
0.011942579698848522
0.017229827266770175
0.024264467936334515
0.027594800340731186
0.01981287568579712
0.010794013756611653
0.010175252662539104
0.012177093867377047
0.0047202307125824225
0.00774032299288613
0.011067318011504422
0.01083662578890419
0.011557900446339336
0.006657588392317131
0.006520411881325706
0.005333795643162836
0.007308701300259528
0.0029183973754210377
0.007409591521974629
0.01416406599615458
0.021805477914851816
0.020304890971128003
0.010273951079735067
0.0038870263642679648
0.0020599571531505607
0.01365055202249928
0.006724644215445332
0.008078513972763537
0.012225714078336142
0.019909674909339942
0.0221273813978763
0.01274659263438547
0.007138023853376581
0.008256380971943826
0.009177922981939104
0.010639724182659875
0.013177563644264693
0.014025297422434963
0.0249075800173108
0.03380582333221379
0.022660884082421933
0.013790500814016277
0.00935839146271547
0.01317451133690242
0.010513233958093816
0.012485348282382326
0.008640605335935546
0.013023237145374563
0.020050586873266624
0.021315112952459848
0.01770172705709579
0.014723825384507552
0.01139597516147723
0.007087351858191487
0.006927480460033157
0.004833686941889404
0.011669331828815946
0.008829494781556762
0.010089813200091438
0.009738020208972555
0.008471403163740305
0.005948004330208948
0.006435351673161141
0.011596608898260419
0.017050932029260366
0.019302565326480645
0.02423026739093202
0.015521916809874761
0.006223371897346008
0.004455938528879986
0.007077146315019364
0.007026581261250505
0.010617026173136338
0.015203832481423062
0.022894628782824146
0.02593256633444146
0.018289417071134535
0.009768348186018946
0.008591381096538514
0.015133667996902932
0.008848282398970264
0.005801904069367498
0.005705137849013076
0.013214338954907628
0.008225588730274094
0.010351961667600756
0.01222889102934949
0.011838799459386633
0.007199606006773388
0.0026403591528776156
0.007203841745114015
0.014378437190656465
0.02153958631686706
0.020502013868938386
0.010410491879982916
0.00377324860545227
0.002179223556018472
0.01149751045967112
0.005492561105005229
0.006468049243738991
0.010698879113965477
0.017804495745266578
0.020547002054869833
0.011934366879736065
0.006919744458041226
0.0075267164776243985
0.03035637758087052
0.013027127570078793
0.009959536811128508
0.006116145801318941
0.01591762174993208
0.008552405634502243
0.011591460171266261
0.012574837092708789
0.013459399589735624
